shape: torus
position: 1.237500  2.503125  0.000000
rotation: 0.000000  0.000000  0.000000
scale: 1.000000  1.000000  1.000000
color: 1.000 0.843 0.000
shape: cylinder
position: 1.265625  1.153125  0.000000
rotation: 90.000000  0.000000  0.000000
scale: 0.400000  0.400000  3.200000
color: 1.000 0.843 0.000
shape: cylinder
position: 0.000000  -2.000000  0.000000
rotation: 90.000000  0.000000  91.000000
scale: 0.200000  0.800000  0.800000
color: 1.000 0.843 0.000
shape: cylinder
position: 0.000000  -1.000000  0.000000
rotation: 90.000000  0.000000  90.500000
scale: 0.200000  0.400000  1.200000
color: 1.000 0.843 0.000
