shape: torus
position: 0.000000  0.000000  0.000000
rotation: 0.000000  0.000000  0.000000
scale: 1.000000  1.000000  1.000000
color: 0.50  0.50  0.50
shape: cube
position: -0.028125  -3.065625  0.000000
rotation: 0.000000  0.000000  0.000000
scale: 1.000000  1.000000  1.000000
color: 0.50  0.50  0.50
shape: cylinder
position: 0.196875  2.643750  0.000000
rotation: 90.000000  0.000000  0.000000
scale: 1.000000  1.000000  1.000000
color: 1.0  0.0  0.0
